tile  lat_min lat_max lon_min lon_max e_min e_max   cols rows
a10g    50     90      -180    -90         1    6098    10800   4800
b10g    50     90       -90      0         1    3940    10800   4800
c10g    50     90         0     90       -30    4010    10800   4800
d10g    50     90        90    180         1    4588    10800   4800
e10g     0     50      -180    -90       -84    5443    10800   6000
f10g     0     50       -90      0       -40    6085    10800   6000
g10g     0     50         0     90      -407    8752    10800   6000
h10g     0     50        90    180       -63    7491    10800   6000
i10g   -50      0      -180    -90         1    2732    10800   6000
j10g   -50      0       -90      0      -127    6798    10800   6000
k10g   -50      0         0     90         1    5825    10800   6000
l10g   -50      0        90    180         1    5179    10800   6000
l10g   -50      0        90    180       -34    5179    10800   6000
m10g   -90    -50      -180    -90         1    4009    10800   4800
n10g   -90    -50       -90      0         1    4743    10800   4800
o10g   -90    -50         0     90         1    4039    10800   4800
p10g   -90    -50        90    180         1    4363    10800   4800